713982564362815749284567391859436127597621438641398275425173986976254813138749652
146582973287349156395761248972634815851927634624815397713258469469173582538496721
321579486675482193914826375197645832468193257283957641749231568856314729532768914
293518746815267439657483912946135287438926571521674893172849365389751624764392158
867524913795143682314698275946372158432851796128769534251437869589216347673985421
789423516124765938465931782942158673317846259658372491591287364273619845836594127
521683497469721853987534216678149325214356978753892641132965784846217539395478162
651732849419568732278394156894256371743819625536147298162475983327981564985623417
695471382241783569387659214539862471864217935712394856128935647456128793973546128
867142935453689271931527468328956714574831629689274153715468392142793586296315847
246358917781592643593671428932864751624715839875149362468923175317286594159437286
915823476184756923726549138357162849641938257892374561573281694439615782268497315
753168924198524736386947251542679183861392547439715862927486315214853679675231498
583617249347128596269543178971352864815479623632891457126934785754286931498765312
478352691319467582652179843297531468586214937143698275924785316765843129831926754
568394712341752689927586134183467295674921853259813476415279368836145927792638541
761289453853947621539476218426851397217534986198362574372615849984723165645198732
346297581758436129429851673835164792197685234574923816962518347281379465613742958
172584936785693142396142785634978251218735694549216378863427519451369827927851463
278953416715842639394576128426319857683127594531698742847231965159764283962485371
741869532392145786518372469185427693956213874274986315463758921637591248829634157
942761583467135829231859476375942168719486352854613297126598734598327641683274915
853671429264138957579824316691453782945782163712596834428319675136247598387965241
796321854452698731328517469641789325983165247175432986234976518867254193519843672
482715639527936184936182745251364897849271356763598412315647928174829563698453271
641327985719864523825971346462738159137645298358219467293156874974582631586493712
749531628512678493698214537873459216321986754465327189137842965954163872286795341
264579138635912874379184652417825369598236417186347295852763941723491586941658723
741328569183265497865479123529184736316742958297536814654891372978653241432917685
248591367567243198981376524132785946675419283894632715423967851356128479719854632
846371592279156483593462871438719625352698147761524938614283759925847316187935264
351468279574692138286713945417856392935274861862931457129347586793185624648529713
517386294843672915462951738389214567295467183176895342654123879921738456738549621
687293541942751836325648179764129385213587694158364927539412768871936452496875213
628745319437128695279653184391467852845231967156879423712396548983514276564982731
621473598318562974495618732134985267567231489982147653276359841859724316743896125
829615473754139628163427859241368795695874132587291346438752961976583214312946587
814536729527869134973142586658273491189754263432981675296417358345628917761395842
982346157463571289175289364849632715236417598317958426728195643654823971591764832
345816297128765934267954318839421756976238541514397862792643185453182679681579423
462318759873596142319724568524187693296453871187269435941875326635941287758632914
395812467546173928428965173289736541174259386763548219831624795957481632612397854
826391754513278496174685932789524613245763189361849275432917568698152347957436821
735891462964213875428675139619352784142768953357984216576149328281436597893527641
791432568458629317836517942572386491314975286629854173245761839963148725187293654
435296718217853469689147532754961823362478195591382674143725986928614357876539241
723864159284519367136297584978143625645328791512476938461935872359781246897652413
675143982549732816831965247497328651168259734723416598352681479284597163916874325
984167253641825937837259461316794582275483619159632874762348195528971346493516728
167954382682173459495382617516729843928436175743815296839247561274561938351698724
857946213392687154146253879418572396963814725735129468584791632621435987279368541
524319867861742935937826154746985312293571648158463729472138596615297483389654271
834216795247963851956378124365487219182695437479521386791834562618752943523149678
481396257136452879257918346819745632675831924743269185362587491598624713924173568
924568713465712839687923154139284675372196548548637921251379486716845392893451267
841923657795186342352764189176859423589347261463512798628471935914235876237698514
742198653518634279689257341125983467973462518364815792237541986491376825856729134
593871624138642597762395418681239745329754861475168239214583976957426183846917352
897345261741862593536927814684739152173256489952418376429581637368194725215673948
748936215356128947419257836593862174687314529271495368862571493925643781134789652
318647295279385416964521873135874962546219387827963541781432659493156728652798134
947538126526841793681397254879124635713256489352469871198673542264985317435712968
526987143981463275134752689418629357372541896259318764867294531643875912795136428
734916258361528749925734186247185963189347625853692417516473892478269531692851374
374892165261543879589126734752461398916387452143759286638275941897614523425938617
274863195483721956536194782619247538128539674957486321345912867891675243762358419
819352674765984231324876159647521398183649527532197846458713962296438715971265483
972843156683751429741692583429137865168524937235968741354219678517486392896375214
657349821531782496842915763975163248283694517416527389128476935769238154394851672
164287593328546971745169832679428315831975246492351687216893754953712468587634129
327695481469281375751834692198346257683572149542169738834917526915723864276458913
247318569693425781518967432725694318964183275431752896172839654386541927859276143
483259671219678543956714328134582769372146895768493152641935287825367914597821436
231567849516829437398641275143298756765134928829475361684713592957382614472956183
712345896958716324643298157234681975481579263579423618326154789867932541195867432
839467152456318279371529684295831467718946523543672918962183745624795831187254396
837649251246593187561238479459781362623154798178362945794816523915427836382975614
713245689534796812629158473485613927961472358257839164378961245896524731142387596
815346297543912678967258341684127539132895764379564182491673825728431956256789413
537682941329514786648379215762841539491725368815263497256498173974136852183957624
263571489579483621418736295694825173825317964147269538931652847382194756756948312
715289463149736852428361597256193784891627345367845129583914276972458631634572918
237916548495823716768245193956471382321768459514389627682134975179652834843597261
625798431149256378798364152451839726237541869386127945512973684863415297974682513
978246513326175498145398672469823157532417869681759324817964235293581746754632981
598714326241835967437169285916382754684927513723651498165243879372598641859476132
912473658147658392856931247463125789528796413739284165271569834394817526685342971
496137825638524197281769354325481769967852413754916238842693571513278946179345682
421395687763481925839562741518679432394728156672143598187954263245816379956237814
128463759943657281856721934279518463384172695561849327497236518615394872732985146
476581329135892764829736145264153987348629571651947832517364298793218456982475613
438629571327845169596413728713968254154287396962531847645172983281796435879354612
674392518241965387513478629732641895968237154325819476487153962159786243896524731
547386921462971358139652784624813579378295416915764832283549167796138245851427693
457923861768214539831576942326798154915462387284351796573149628149685273692837415
385691427149528376826734519962375148438219765751486293217953684673842951594167832
346529781192387546975641823634872915257196438481935267568214379713458692829763154
921384567345862179568197324256973418739641852814725936693258741487516293172439685
682741395324596718571638924715923486943165872236487159458319267169872543897254631
548392176967541823783216945639187452315824769124675398851469237472953681296738514
467132598639528714852769143725894361914356827386417259241683975593271486178945632
127946358768453912495732186283517649631278495814369527352691874579184263946825731
125736489764259831983541267238195674871463592596872143657914328349628715412387956
249765183938451276867912345482176539751234698516349827193528764324687951675893412
364815729587329146621754893218536974759148362943267518196473285832691457475982631
728591643593647812964182357481935726356478291217856934849723165635219478172364589
425976831658231947893765412341659728916427385782193654264318579137584296579842163
947628351853741962321589674734815296569172438612493785478236519286957143195364827
432687195958341276861529734126973548594712863673854921385296417247165389719438652
143587926852496731976321584714652398538219467429873615391764852265948173687135249
683415279312679458174293586745128963451986327928347615236851794569732841897564132
249615873861239754713984526136597482452378169528461937384752691697843215975126348
526139487734652891961348752613824579159476238278593146347281965485917623892765314
273485961895716324546329178168597243482961735729138456931674582357842619614253897
675342819213968457934817526742635198561279384328491675487153962159786243896524731
152738946564291378973645281216387495348912567897456123421863759639574812785129634
781465923916527384862391457129673845374218596658934172243159768495782631537846219
627814593813529467945763128182635974569482731734291856256147389371958642498376215
964815237258637149317924658872159364495263781631478925783596412529341876146782593
473521896895273164921864753217638549186945327654312978732459681568197432349786215
538621974624139758819574362945316827281745693367298145473962581756483219192857436
192437865947528613853261479786394152465912738319875246628143597234756981571689324
972853461128439675564721983216384759859217346743596128481962537637145892395678214
947628531852431679136587942719365428624819753583742196275196384368954217491273865
518372946672894315349615872287456193463189257135927684821743569796531428954268731
124387596896541237537829461251638749463795128679412853312974685948156372785263914
124976358567432981439158726283615497316294875895347612978523164651789243742861539
254681397516932784943857126732146859861493572695278413427315968378529641189764235
197538426856429371432671859314752968948216735675983142721395684583164297269847513
792361485856472139934158276521736894348295617179684523213547968467819352685923741
345678291617259834429183576291745368578316429183492657836924715752861943964537182
972368451864295137123647589291854763547126398316579842635781924458913276789432615
942358167537182649416279583154897326789634215863521974621943758375416892298765431
398216547582694731174358296213847659749562318635129874926473185857931462461785923
819735264752419683463182759135976428627843195384521976546297831298364517971658342
981324756854791362237568419419285637695173284123946875342617598576832941768459123
351674289876142593724853961913467852168295347235981476642539718589726134497318625
925367841678214935834795162491673528712459386386521497253148679147986253569832714
123967854857624193374185926791853462986342517642591378435216789568479231219738645
752946831918367524143582697564821973289413765671239458496175382835794216327658149
439216785568479231312758946925137468857694123174382659741863592286945317693521874
185679243962341758674285931213768594347592186458913627521836479739124865896457312
456273189271984635583641297369718542192435768847526913914352876728169354635897421
975423861751298634823576149248731956416952387389164572564319728132687495697845213
963412578175398264684275319342857196218569743497631825751984632539126487826743951
152364987573849216894172365928731654745926138316485792461253879237698541689517423
498172635157246389832659471719483562586937124623815947364791258241568793975324816
826975143615428937149653278568741392493862715387219654952137486271384569734596821
614958723345867291897123465972534186751246839163789542428391657536472918289615374
917568324576234981123489567794621835231845679658317492342196758485973216869752143
